2102361
2016086
2107125
2092142
1968546
2072530
1827758
2058114
2093818
2073512
2097229
2104171
2032502
2046317
2064929
2050533
2061876
2087493
2037091
2057417
2090647
2094280
1766083
1837420
2085766
2108932
2109893
2062091
2110627
2110795
2097451
2090503
2048763
2048767
2109210
2077952
2068741
2106435
2103104
2084541
2088794
2078054
2093770
2071553
1986658
2090020
2057412
2085111
2106792
2093761
2004487
2109341
2110624
2112506
2101391
2044774
2100881
2100569
2099931
2112763
2112969
2113456
2105286
2114590
2115275
1702302
2116150
2116923
2084420
2080200
2114668
2118796
2028031
2120114
2101297
2120730
2120670
2105161
2122092
2124127
2128166
2125244
2126854
2126546
2125614
2125583
2129057
2131552
2129004
2125942
2126205
2095722
2130763
2129241
2082868
2127076
2131866
2132027
